Root
 hip$: 1
 ip$: 2
 p$: 3
 ship$: 0
 $: 4

4 3 2 1 0 
-1 -1 -1 
[1] [0] [3] [2] [2] [0] 
[] [] [] 

Root
 a
  na
   na$: 1
   $: 3
  $: 5
 banana$: 0
 na
  na$: 2
  $: 4
 $: 6

6 5 4 3 2 1 0 
-1 -1 -1 
[0] [1, 3] [2] [0] [1, 3, 5] [2, 4] [2, 4] 
[] [] [] [] 

Root
 euss$: 1
 s
  euss$: 0
  s$: 3
  $: 4
 uss$: 2
 $: 5

5 4 3 2 1 0 
-1 -1 -1 
[1] [0] [2] [2] [0, 3, 4] 
[] [] [] [] 

Root
 a
  ll$: 3
  ppall$: 0
 l
  l$: 4
  $: 5
 p
  all$: 2
  pall$: 1
 $: 6

6 5 4 3 2 1 0 
-1 -1 -1 -1 -1 
[2] [2] [1] [0] [1] [2] [0, 3] [1, 2] [4, 5] 
[] [] [] [] 

Root
 ahuihou$: 0
 h
  ou$: 4
  uihou$: 1
 ihou$: 3
 ou$: 5
 u
  ihou$: 2
  $: 6
 $: 7

7 6 5 4 3 2 1 0 
-1 -1 -1 -1 
[3] [4] [0] [0] [1] [5] [2, 6] [1, 4] 
[] [] [] [] 

